138
1319
3183
3271
1751
2132
3584
2696
1664
960
556
1500
3949
1085
3514
3418
867
939
3470
3358
567
999
1575
2807
3896
2704
3256
1784
1629
1421
1658
3682
1426
2730
1475
1971
3678
342
1583
3783
1143
3567
1464
32
3912
1392
2669
2069
1362
3506
1802
2218
2065
1073
262
1430
2103
2951
1640
3984
3960
1760
2596
764
2869
893
1794
2114
90
3330
441
425
3382
1710
3775
1255
2736
704
1256
3192
2972
3948
597
3141
1938
1514
1827
2563
3449
2617
143
3719
3120
48
1744
2048
1972
1284
3693
3197
1250
1258
2323
1179
150
1190
1655
95
1240
520
656
176
3900
28
669
517
3787
978
1618
243
2059
942
470
2639
751
1400
2840
2160
752
2164
1780
1245
1037
3402
2194
899
411
2806
726
